CreateDynamicObject(3578,1161.6000000,1334.5000000,9.1000000,0.0000000,0.0000000,90.0000000); //object(dockbarr1_la) (2)
CreateDynamicObject(3578,1171.4000000,1334.5000000,9.1000000,0.0000000,0.0000000,90.0000000); //object(dockbarr1_la) (3)
CreateDynamicObject(3578,1166.5000000,1329.6000000,9.1000000,0.0000000,0.0000000,180.0000000); //object(dockbarr1_la) (4)
CreateDynamicObject(1237,1161.6000000,1329.6000000,9.8000000,0.0000000,0.0000000,0.0000000); //object(strtbarrier01) (1)
CreateDynamicObject(1237,1171.3000000,1329.6000000,9.8000000,0.0000000,0.0000000,0.0000000); //object(strtbarrier01) (2)
CreateDynamicObject(1237,1161.6000000,1339.4000000,9.8000000,0.0000000,0.0000000,0.0000000); //object(strtbarrier01) (3)
CreateDynamicObject(978,1170.7000000,1325.1000000,10.5000000,0.0000000,0.0000000,80.5000000); //object(sub_roadright) (1)
CreateDynamicObject(979,1162.1000000,1325.1000000,10.4000000,0.0000000,0.0000000,279.5000000); //object(sub_roadleft) (1)
CreateDynamicObject(1238,1156.3000000,1330.5000000,10.1000000,0.0000000,0.0000000,0.0000000); //object(trafficcone) (1)
CreateDynamicObject(1237,1163.1000000,1320.3000000,9.7000000,0.0000000,0.0000000,0.0000000); //object(strtbarrier01) (4)
CreateDynamicObject(1237,1163.1000000,1320.3000000,9.7000000,0.0000000,0.0000000,0.0000000); //object(strtbarrier01) (5)
CreateDynamicObject(3627,1388.2998000,-2416.7002000,16.3000000,0.0000000,0.0000000,270.9940000); //object(dckcanpy) (1)
CreateDynamicObject(3627,1429.4000000,-2416.1001000,16.3000000,0.0000000,0.0000000,270.9940000); //object(dckcanpy) (2)
CreateDynamicObject(8650,1497.9000000,1847.8000000,10.9000000,0.0000000,0.0000000,180.0000000); //object(shbbyhswall06_lvs) (1)
CreateDynamicObject(8650,1410.0996000,-2473.5996000,13.7000000,0.0000000,0.0000000,90.0000000); //object(shbbyhswall06_lvs) (2)
CreateDynamicObject(8650,1440.5996000,-2473.5996000,13.7000000,0.0000000,0.0000000,90.0000000); //object(shbbyhswall06_lvs) (3)
CreateDynamicObject(8673,1374.8000000,-2473.6001000,16.3000000,0.0000000,0.0000000,0.0000000); //object(csrsfence03_lvs) (1)
CreateDynamicObject(8673,1395.2000000,-2473.6001000,16.3000000,0.0000000,0.0000000,0.0000000); //object(csrsfence03_lvs) (2)
CreateDynamicObject(8673,1415.6000000,-2473.6001000,16.3000000,0.0000000,0.0000000,0.0000000); //object(csrsfence03_lvs) (3)
CreateDynamicObject(8673,1436.0000000,-2473.6001000,16.3000000,0.0000000,0.0000000,0.0000000); //object(csrsfence03_lvs) (4)
CreateDynamicObject(8673,1456.4004000,-2473.5996000,16.3000000,0.0000000,0.0000000,0.0000000); //object(csrsfence03_lvs) (5)
CreateDynamicObject(8650,1451.2998000,-2473.5996000,13.7000000,0.0000000,0.0000000,90.0000000); //object(shbbyhswall06_lvs) (4)
CreateDynamicObject(3627,1429.0000000,-2464.1001000,16.3000000,0.0000000,0.0000000,90.9940000); //object(dckcanpy) (4)
CreateDynamicObject(3749,1476.0996000,-2473.5000000,18.4000000,0.0000000,0.0000000,0.0000000); //object(clubgate01_lax) (1)
CreateDynamicObject(8650,1484.0000000,-2456.2000000,13.7000000,0.0000000,0.0000000,179.7500000); //object(shbbyhswall06_lvs) (6)
CreateDynamicObject(8650,1484.1400000,-2425.8005000,13.7000000,0.0000000,0.0000000,179.7470000); //object(shbbyhswall06_lvs) (7)
CreateDynamicObject(8650,1484.2000000,-2404.5000000,13.7000000,0.0000000,0.0000000,179.7470000); //object(shbbyhswall06_lvs) (8)
CreateDynamicObject(8673,1484.0000000,-2461.1001000,16.3000000,0.0000000,0.0000000,90.0000000); //object(csrsfence03_lvs) (6)
CreateDynamicObject(8673,1484.0000000,-2440.7000000,16.3000000,0.0000000,0.0000000,90.0000000); //object(csrsfence03_lvs) (7)
CreateDynamicObject(8673,1484.0000000,-2420.3000000,16.3000000,0.0000000,0.0000000,90.0000000); //object(csrsfence03_lvs) (8)
CreateDynamicObject(8673,1484.0000000,-2399.8999000,16.3000000,0.0000000,0.0000000,90.0000000); //object(csrsfence03_lvs) (9)
CreateDynamicObject(17020,1469.4000000,-2412.0000000,16.4000000,0.0000000,0.0000000,180.0000000); //object(cuntfrates02) (1)
CreateDynamicObject(3627,1387.7998000,-2464.7998000,16.3000000,0.0000000,0.0000000,90.9940000); //object(dckcanpy) (7)
CreateDynamicObject(8650,1379.5996000,-2473.5996000,13.7000000,0.0000000,0.0000000,90.0000000); //object(shbbyhswall06_lvs) (5)
CreateDynamicObject(8650,1497.9000000,1817.5000000,10.9000000,0.0000000,0.0000000,179.9950000); //object(shbbyhswall06_lvs) (9)
CreateDynamicObject(8673,1497.9000000,1852.5000000,13.6000000,0.0000000,0.0000000,270.0000000); //object(csrsfence03_lvs) (10)
CreateDynamicObject(8650,1497.9000000,1787.2000000,10.9000000,0.0000000,0.0000000,179.9950000); //object(shbbyhswall06_lvs) (10)
CreateDynamicObject(3749,1497.9000000,1750.8000000,15.7000000,0.0000000,0.0000000,270.0000000); //object(clubgate01_lax) (2)
CreateDynamicObject(3627,1548.4000000,1841.4000000,13.7000000,0.0000000,0.0000000,178.9940000); //object(dckcanpy) (3)
CreateDynamicObject(3627,1547.6000000,1800.3000000,13.7000000,0.0000000,0.0000000,178.9890000); //object(dckcanpy) (5)
CreateDynamicObject(3627,1508.3000000,1840.3000000,13.7000000,0.0000000,0.0000000,359.7390000); //object(dckcanpy) (6)
CreateDynamicObject(3627,1508.1000000,1799.3000000,13.7000000,0.0000000,0.0000000,359.7360000); //object(dckcanpy) (8)
CreateDynamicObject(8650,1497.9000000,1775.8000000,10.9000000,0.0000000,0.0000000,179.9950000); //object(shbbyhswall06_lvs) (11)
CreateDynamicObject(8650,1514.7000000,1743.1000000,10.9000000,0.0000000,0.0000000,269.9950000); //object(shbbyhswall06_lvs) (12)
CreateDynamicObject(8650,1542.0000000,1743.1000000,10.9000000,0.0000000,0.0000000,269.9950000); //object(shbbyhswall06_lvs) (13)
CreateDynamicObject(3627,1546.9000000,1769.4000000,13.7000000,0.0000000,0.0000000,178.9890000); //object(dckcanpy) (9)
CreateDynamicObject(8673,1497.9000000,1832.1000000,13.6000000,0.0000000,0.0000000,270.0000000); //object(csrsfence03_lvs) (11)
CreateDynamicObject(8673,1497.9000000,1811.7000000,13.6000000,0.0000000,0.0000000,270.0000000); //object(csrsfence03_lvs) (12)
CreateDynamicObject(8673,1497.9000000,1791.3000000,13.6000000,0.0000000,0.0000000,270.0000000); //object(csrsfence03_lvs) (13)
CreateDynamicObject(8673,1497.9000000,1770.9000000,13.6000000,0.0000000,0.0000000,270.0000000); //object(csrsfence03_lvs) (14)
CreateDynamicObject(8673,1497.9000000,1767.2000000,13.6000000,0.0000000,0.0000000,270.0000000); //object(csrsfence03_lvs) (15)
CreateDynamicObject(8673,1510.2000000,1743.1000000,13.4000000,0.0000000,0.0000000,0.0000000); //object(csrsfence03_lvs) (16)
CreateDynamicObject(8673,1530.6000000,1743.1000000,13.4000000,0.0000000,0.0000000,0.0000000); //object(csrsfence03_lvs) (19)
CreateDynamicObject(8673,1547.3000000,1743.1000000,13.4000000,0.0000000,0.0000000,0.0000000); //object(csrsfence03_lvs) (20)